#, ======== 支出 =======
食費, (45,155,25), (255,255,255)
医療費, (155,20,155), (255,255,255)
ジム, (230,130,0), (255,255,255)
水道, (70,70,255)
ガス, (255,200,200), (0,0,0)
電気, (255,200,200), (0,0,0)
保険, (200,200,200),  (0,0,0)
クレジット, (5,85,5), (0,255,255)
日用品, (0,255,255), (0,0,0)
娯楽, (200,200,0)
家賃, (155,20,20), (255,255,255)
嗜好品, (200,200,0)
通信費, (255,100,222)
その他, (180,0,180), (0,0,20)

#, ======== 収入 =======
給与, (0,0,0), (255,205,255)
株, (0,0,0), (255,255,255)
不動産, (0,0,0), (255,255,255)


#, ======== Separator =======
所持金, (20,0,0), (255,255,255)
-CASH, (0,180,180), (0,0,20)
-BANK, (0,180,180), (0,0,20)
+CASH, (0,0,0), (255,0,255)
+BANK, (0,0,0), (255,0,255)
Exchange, (0,180,180), (0,0,20)